0.68 0.05 0.27
0.62 0.34 0.04
0.00 1.00 0.00
0.16 0.24 0.60
0.93 0.00 0.08
0.80 0.10 0.10
0.61 0.19 0.19
0.47 0.33 0.20
0.74 0.13 0.13
0.26 0.05 0.70
0.45 0.28 0.28
0.20 0.52 0.28
0.71 0.04 0.24
0.87 0.06 0.06
0.25 0.26 0.50
0.77 0.12 0.12
0.44 0.32 0.23
0.62 0.08 0.31
0.81 0.03 0.16
0.86 0.07 0.07
0.78 0.02 0.20
0.83 0.08 0.08
0.70 0.11 0.19
0.88 0.01 0.11
0.67 0.04 0.28
0.79 0.10 0.11
0.87 0.04 0.08
0.89 0.04 0.08
0.87 0.07 0.07
0.75 0.10 0.15
0.76 0.08 0.16
0.38 0.17 0.46
0.92 0.00 0.09
0.72 0.06 0.22
0.77 0.12 0.12
0.55 0.28 0.18
0.00 0.50 0.50
0.95 0.01 0.04
0.72 0.02 0.26
0.88 0.04 0.09
0.80 0.03 0.18
0.44 0.36 0.19
0.50 0.22 0.29
0.89 0.00 0.11
0.72 0.05 0.23
0.77 0.08 0.14
0.86 0.04 0.11
0.70 0.15 0.15
0.82 0.09 0.09
0.60 0.20 0.20
0.86 0.03 0.12
0.88 0.05 0.07
0.75 0.03 0.21
0.59 0.14 0.26
0.71 0.02 0.27
0.83 0.02 0.15
0.71 0.03 0.25
0.57 0.34 0.09
1.00 0.09 0.09
0.67 0.02 0.31
0.73 0.14 0.14
0.64 0.00 0.36
0.87 0.07 0.05
0.64 0.14 0.21
0.62 0.13 0.26
0.74 0.13 0.12
0.22 0.22 0.56
0.22 0.07 0.70
0.85 0.01 0.14
0.18 0.29 0.53
0.77 0.07 0.15
0.73 0.06 0.22
0.73 0.12 0.16
0.63 0.24 0.13
0.86 0.04 0.11
0.50 0.17 0.34
0.67 0.10 0.23
0.70 0.12 0.17
0.97 0.02 0.02
0.50 0.16 0.35
0.74 0.08 0.18
0.88 0.04 0.07
0.85 0.11 0.05
0.30 0.35 0.34
0.13 0.11 0.76
0.71 0.03 0.25
0.90 0.05 0.05
0.90 0.02 0.08
0.85 0.05 0.10
0.63 0.06 0.32
0.75 0.16 0.10
0.59 0.20 0.20
0.83 0.06 0.11
0.47 0.26 0.28
0.66 0.14 0.21
0.51 0.12 0.36
0.81 0.02 0.17
0.63 0.14 0.22
0.51 0.10 0.39
0.30 0.07 0.64
0.69 0.15 0.15
0.71 0.14 0.14
0.66 0.19 0.15
0.46 0.12 0.42
0.87 0.05 0.08
0.98 0.01 0.01
0.82 0.05 0.13
0.28 0.36 0.36
0.60 0.05 0.35
0.92 0.04 0.04
0.91 0.04 0.04
0.27 0.09 0.64
0.86 0.03 0.10
0.71 0.14 0.15
0.70 0.05 0.24
0.83 0.09 0.09
0.00 0.57 0.44
0.74 0.03 0.23
0.60 0.08 0.32
0.71 0.07 0.22
0.83 0.01 0.15
0.70 0.15 0.15
0.79 0.04 0.17
0.95 0.04 0.02
0.62 0.01 0.36
0.86 0.07 0.07
0.90 0.05 0.05
0.82 0.03 0.16
0.90 0.05 0.05
0.30 0.35 0.35
0.05 0.50 0.45
0.85 0.02 0.13
0.75 0.08 0.17
0.46 0.21 0.33
0.87 0.10 0.03
0.60 0.10 0.31
0.47 0.29 0.25
0.85 0.05 0.11
0.24 0.30 0.47
0.83 0.09 0.09
0.88 0.03 0.10
0.95 0.04 0.01
0.69 0.07 0.23
0.55 0.16 0.30
0.25 0.38 0.38
0.66 0.17 0.17
0.37 0.12 0.52
0.79 0.14 0.07
0.79 0.15 0.06
0.84 0.03 0.12
0.48 0.26 0.26
0.41 0.27 0.32
0.90 0.02 0.08
0.80 0.01 0.18
0.45 0.21 0.34
0.37 0.03 0.59
0.84 0.01 0.15
0.75 0.03 0.22
0.70 0.15 0.15
0.81 0.03 0.16
0.56 0.07 0.38
0.60 0.13 0.27
0.85 0.09 0.07
0.59 0.21 0.21
0.74 0.08 0.17
0.72 0.10 0.17
0.50 0.19 0.31
0.48 0.21 0.31
0.77 0.08 0.14
0.95 0.01 0.05
0.63 0.10 0.28
0.67 0.08 0.25
0.78 0.04 0.18
0.60 0.05 0.34
0.95 0.02 0.02
0.70 0.02 0.28
0.67 0.12 0.21
0.77 0.02 0.20
0.90 0.06 0.04
0.78 0.10 0.11
0.85 0.08 0.08
0.43 0.14 0.43
0.89 0.03 0.08
0.62 0.12 0.27
0.90 0.04 0.05
0.64 0.14 0.22
0.30 0.29 0.40
0.90 0.05 0.05
0.69 0.09 0.21
0.82 0.07 0.12
0.64 0.15 0.21
0.90 0.05 0.05
0.48 0.17 0.35
0.90 0.01 0.09
0.64 0.06 0.29
0.88 0.04 0.08
0.80 0.10 0.09
0.70 0.15 0.16
0.58 0.13 0.29
0.70 0.15 0.15
0.86 0.04 0.11
0.79 0.10 0.10
0.67 0.05 0.28
0.00 0.53 0.48
0.87 0.07 0.07
0.60 0.20 0.20
0.50 0.10 0.40
0.93 0.08 0.00
0.62 0.19 0.19
0.87 0.06 0.06
0.53 0.14 0.33
0.87 0.05 0.07
0.61 0.05 0.34
0.77 0.08 0.15
1.00 0.01 0.01
0.63 0.07 0.31
0.90 0.03 0.07
0.06 0.42 0.53
0.31 0.02 0.67
0.77 0.09 0.15
0.20 0.26 0.54
0.85 0.08 0.08
0.70 0.00 0.31
0.85 0.04 0.12
0.70 0.10 0.20
0.12 0.12 0.77
0.78 0.06 0.16
0.31 0.34 0.34
0.55 0.07 0.38
0.01 1.00 0.01
0.70 0.22 0.09
0.88 0.03 0.08
0.63 0.11 0.25
0.92 0.03 0.05
0.75 0.05 0.20
0.71 0.10 0.18
0.75 0.02 0.23
0.62 0.13 0.25
0.74 0.11 0.15
0.95 0.03 0.03
0.65 0.11 0.24
0.87 0.06 0.07
0.15 0.43 0.43
0.59 0.24 0.16
0.43 0.28 0.28
0.89 0.03 0.07
0.48 0.21 0.30
0.75 0.09 0.16
0.35 0.21 0.44
0.83 0.08 0.08
0.91 0.05 0.05
0.80 0.05 0.15
0.83 0.05 0.12
0.87 0.11 0.02
0.83 0.02 0.16
0.91 0.03 0.07
0.51 0.20 0.30
0.82 0.06 0.12
0.89 0.04 0.07
0.66 0.12 0.23
0.24 0.58 0.17
0.31 0.26 0.44
0.75 0.10 0.16
0.60 0.03 0.37
0.80 0.08 0.11
0.98 0.01 0.01
0.86 0.07 0.07
0.85 0.06 0.10
0.61 0.27 0.12
0.40 0.24 0.36
1.00 0.00 0.00
0.26 0.37 0.37
0.32 0.32 0.36
0.17 0.07 0.75
0.72 0.10 0.18
0.97 0.01 0.01
0.67 0.17 0.17
0.73 0.14 0.14
0.83 0.01 0.17
0.56 0.16 0.29
0.97 0.03 0.00
0.65 0.07 0.28
0.51 0.19 0.30
0.53 0.17 0.29
0.95 0.04 0.01
0.84 0.08 0.08
0.43 0.36 0.21
0.15 0.43 0.43
0.30 0.60 0.11
0.60 0.20 0.20
0.35 0.27 0.39
0.18 0.53 0.29
0.70 0.15 0.15
0.95 0.03 0.03
0.70 0.11 0.19
0.67 0.02 0.31
0.70 0.06 0.23
0.70 0.05 0.25
0.75 0.16 0.09
0.75 0.05 0.21
0.34 0.01 0.65
0.60 0.20 0.20
0.66 0.08 0.25
0.62 0.10 0.28
0.54 0.23 0.23
0.33 0.33 0.34
0.09 0.57 0.34
0.61 0.25 0.14
0.60 0.09 0.30
0.64 0.11 0.24
0.87 0.02 0.10
0.87 0.00 0.14
0.54 0.19 0.27
0.70 0.18 0.13
0.80 0.07 0.13
0.66 0.17 0.17
0.71 0.10 0.20
0.52 0.20 0.29
0.81 0.05 0.13
0.33 0.28 0.40
0.84 0.01 0.14
0.37 0.25 0.38
0.60 0.20 0.19
0.86 0.04 0.09
0.11 0.29 0.60
0.87 0.03 0.10
0.80 0.03 0.17
0.96 0.04 0.01
0.41 0.36 0.23
0.76 0.00 0.25
0.78 0.05 0.17
0.79 0.11 0.11
1.00 0.01 0.01
0.50 0.18 0.31
0.50 0.13 0.37
0.71 0.14 0.15
0.78 0.11 0.11
0.33 0.33 0.33
0.34 0.32 0.33
0.35 0.20 0.45
0.47 0.26 0.26
0.75 0.16 0.09
0.78 0.06 0.16
0.85 0.03 0.12
0.73 0.07 0.20
0.55 0.18 0.27
0.58 0.02 0.40
0.63 0.17 0.20
0.73 0.08 0.20
0.97 0.01 0.01
0.47 0.21 0.33
0.94 0.03 0.03
0.28 0.36 0.36
0.56 0.17 0.27
0.52 0.24 0.24
0.83 0.06 0.11
0.52 0.09 0.39
0.64 0.14 0.23
0.76 0.13 0.10
0.59 0.08 0.33
0.48 0.21 0.32
0.73 0.01 0.26
0.60 0.03 0.37
0.66 0.03 0.32
0.80 0.03 0.17
0.70 0.15 0.15
0.88 0.02 0.10
0.45 0.35 0.20
0.90 0.05 0.05
0.88 0.02 0.09
0.45 0.09 0.45
0.60 0.23 0.17
0.38 0.31 0.31
0.80 0.04 0.15
0.85 0.05 0.10
0.94 0.01 0.04
0.67 0.03 0.30
0.48 0.21 0.32
0.33 0.30 0.37
0.30 0.35 0.35
0.59 0.11 0.31
0.55 0.15 0.30
0.66 0.10 0.24
0.40 0.25 0.35
0.51 0.25 0.25
0.90 0.05 0.05
0.26 0.37 0.37
0.53 0.15 0.32
0.49 0.10 0.41
0.29 0.45 0.27
0.73 0.08 0.18
0.52 0.24 0.24
0.68 0.08 0.24
0.38 0.06 0.56
0.70 0.15 0.15
0.36 0.14 0.50
0.97 0.02 0.02
0.89 0.05 0.05
0.39 0.50 0.10
0.95 0.03 0.03
0.60 0.20 0.20
0.74 0.03 0.23
0.81 0.03 0.16
0.44 0.17 0.38
0.71 0.15 0.15
0.83 0.02 0.14
0.87 0.03 0.09
0.45 0.20 0.35
0.73 0.01 0.26
0.89 0.03 0.08
0.58 0.11 0.30
0.83 0.03 0.14
0.67 0.06 0.27
0.34 0.34 0.33
0.47 0.06 0.47
0.64 0.21 0.15
0.10 0.31 0.60
0.91 0.03 0.07
0.43 0.28 0.28
0.59 0.20 0.20
0.50 0.25 0.26
0.20 0.30 0.50
0.39 0.23 0.39
0.87 0.07 0.07
0.84 0.01 0.14
0.21 0.25 0.54
0.61 0.11 0.27
0.71 0.08 0.22
0.79 0.04 0.17
0.81 0.08 0.12
0.55 0.11 0.33
0.97 0.02 0.01
0.42 0.00 0.58
0.73 0.15 0.13
